22220220222222222222222222222222222222200222222020000000000002222222222222222222
22222222222222222222222222222222222222222222222220000001020002222222222222222222
22222222222222222222222222222222222222222222222220000000000002222222222222222222
22222222222222222222222222200222222222222222222202200000000022222222222222222222
22222222222222222222220000000002222222222220000200000000002202222222222222222222
22222222222222220000000200000000000000222000000002220000000220222222222222222222
22222222222022200200002222200022000220000000000222000000000202222222222222222222
22222222222022220000000000002222200000220220002220020001000000222222222222222222
22222222220000000000002222200000000100000020022002220111110000022222222222222222
22222222222222000000002222000100000000000022220022221100001000022222222222222222
22222222222200022200200000000000000000000002220000001000000000002222222222222222
22222222222020022222202200000000000002200000222010010020000000000200000222222222
22222222220222220000222220000000000222000000010000000002000000000200000022222222
22222222222022000002222220022010111002002000011000000200000000000000000022222222
22220222222022022002222222220000010000000100000111000200000000100000220000222222
00000220002220020220222222222022200220200010000001011020020000000000022200222222
22022222000022222222022020020000020001001000010110000000022200000000000000000222
22222222200022222222000022000001001021100001001000220000000200000000002000000222
22202202222222222220022222222020120100000100100222220000011100000000002000220002
20000202202222222222000002022202002010010102022222200000011110100000000000222202
01020222222222222222202002000010002002002222200002200201000011000000020000022222
01002200222222222222222222022002002000001101000100200200020002220022220022220222
20000222202222222222222222222200011112111111111000201201002222220222002022220222
22000000102202222222200000001111100000111111111110000020002222220222202222222222
00220000000002222222000001000001111102201111111111000010222222200200222222222222
00002000022222222201111002220022222000000111111111120000100000020022222222222222
22202022222222222201111111100002220200111111022200022220000020000020222222222222
22022222222222222011111111111110001011111100000111022220002222000000022222222222
02222222222222220011111111111111111111111100002200022200110001002200002222222222
22222222222222220001111111111111111111111111102222222011111111110220202222222222
20222222222222220001111111111111111111111111100002220001111111110020002222222222
01022222222222220000111111111111111111111111111122000011111111110022002222222222
00001100222200222000011111111101111110010111111122011111111111111020002222222222
00011110222002222000001111111110000011001111111122020011111111110200002222202222
11102222220000200000000111111111111000000111111022220111111111100000022022200000
11022222200020011111111111111111111100000111110222220011011110000002222000000000
01022222202220200001111111111111111111111111122222222201020111000022222200000000
01122222022220022220111110001111111111111110222222222111101111022222222220000000
11122222222200002222111000000111111111111112222222221111101111020200020000000000
10222222222000002220110020111111111000000022222222201111101111022200000000000000
00220000001100222220110020000000002222222222222222011111010111100000000000000000
20111000000000002201111000000000222222222222222222111112200011000000000000000000
02222222022211102011111100000000222222222222222221011122200000000010000000000000
22222222202200022011111100000000222222222222222222000222220100000111000000000000
22222222222200220111111100000000222222222222222222222222222011111111000000000000
22222222200022220111111100200002222222222222222222222222222200000001000000000000
00200020001102200111111022222222200222222222222222222222222222222222200000000000
10222002200022200111111000022222202022222222222222222222222222222222200000000000
10222002222022200011111100022220000002222222222222222222222222222222220000000000
10222202222002200011111110010000001222222002222222220011102222222222200000000000
00002222222200020001111111100000002220110000000220111111111022222222200000000000
01102200022220002000111110000000022201100011111111111111111102222222200000000000
11100200002222200220001000000000002010000111100002011111100112202222000000000000
01102000002222220022200000110000111100011102222222201111020022222200000000000000
00000000002222222222222222200001111111111100222222222110222222220000000000000000
20220000000222222222222222000111111111111111022222222011100000222220000000000000
22222220000022222222222222000111111111111111022222220111101111010222000000000000
00022220000022222222222222000001111111111111110222001111111000000000200000000000
00002220000022222222222222220000011111111111111111111111000000000000000000000000
00022200000022222222222222222200000111111111111111111111100002220000000000000000
00022000000022222222222222222220000000111111111111111111100002200000000000000000
00022000000222200022222222222222200000001111111111111111110000000000000002222222
00022200220000000222222222222222220000000001111111111111112200000000000000222220
00022220000011000222222222202222222200000000000111111111102200000000000000002222
02222202020000000222222222222222222222000000000000000000002220000000000000000002
22222222220001100222222222022222222222220000000000000000022200000000000000000000
